
 4 1 0 0 
 9 2 0 0 
 15 3 0 0 
 23 4 0 0 
 35 3 0 0 
 36 3 1 0 
 37 3 2 1 
 39 3 4 1 
 42 3 5 1 
 43 3 4 1 
 44 3 5 3 
 45 3 6 4 
 46 3 4 4 
 47 2 6 5 
 48 2 6 7 
 52 2 7 7 
 54 2 8 7 
 55 2 10 9 
 56 2 11 10 
 57 2 14 13 
 58 2 16 14 
 59 2 15 16 
 61 2 17 16 
 66 2 19 17 
 67 2 20 17 
 70 2 24 19 
 71 2 26 19 
 72 2 28 19 
 73 2 28 20 
 74 2 29 25 
 75 2 30 25 
 77 2 35 28 
 78 2 37 29 
 79 2 37 31 
 82 2 40 33 
 83 2 41 33 
 84 1 41 34 
 85 1 43 34 
 86 1 44 34 
 87 1 45 34 
 95 2 45 34 
 96 1 45 34 
 99 2 45 34 
 112 2 46 35 
 114 2 47 35 
 115 2 48 35 
 116 2 50 36 
 117 2 52 37 
 119 2 53 37 
 120 2 56 37 
 121 2 58 38 
 122 2 59 38 
 123 2 60 38 
 125 2 61 38 
 126 2 63 38 
 127 2 64 38 
 130 2 65 38 
 132 2 66 38 
 133 2 70 38 
 134 2 71 38 
 137 2 73 38 
 138 2 75 38 
 139 2 77 38 
 141 2 78 38 
 143 2 80 38 
 144 2 81 38 
 145 2 82 38 
 146 1 84 38 
 147 1 85 38 
 148 1 89 38 
 149 1 98 41 
 150 1 100 41 
 151 1 101 41 
 152 1 102 41 
 154 1 103 41 
 156 1 104 42 
 157 1 108 44 
 158 1 109 44 
 159 1 111 46 
 160 1 112 47 
 164 1 115 48 
 165 1 116 48 
 166 1 119 48 
 167 1 120 48 
 168 1 124 48 
 169 1 128 48 
 170 1 132 48 
 171 1 135 48 
 172 1 136 50 
 173 1 145 54 
 174 1 146 55 
 175 1 150 57 
 176 1 157 60 
 177 1 166 63 
 178 1 171 63 
 179 1 174 65 
 180 1 179 66 
 181 1 184 67 
 182 1 187 68 
 183 1 189 71 
 184 1 194 74 
 185 1 196 74 
 186 1 200 77 
 187 1 204 79 
 188 1 206 80 
 189 1 213 82 
 190 1 216 84 
 191 1 223 87 
 192 1 236 89 
 193 1 242 91 
 194 1 246 93 
 195 1 254 96 
 196 1 258 100 
 197 1 263 103 
 198 1 268 103 
 199 1 272 106 
 200 1 274 106 
 201 1 280 108 
 202 1 284 109 
 203 1 286 109 
 204 1 291 111 
 205 1 296 114 
 206 1 300 114 
 207 1 309 119 
 208 1 318 120 
 209 1 327 123 
 210 1 328 124 
 211 1 334 125 
 212 1 339 125 
 213 1 347 130 
 214 1 353 131 
 215 1 356 131 
 216 1 366 136 
 217 1 372 138 
 218 1 376 140 
 219 1 381 141 
 220 1 388 146 
 221 1 399 150 
 222 1 404 152 
 223 1 409 154 
 224 1 415 157 
 225 1 420 160 
 226 1 442 168 