37 -1
44 -1
44 -1
45 -1
47 -1
48 -1
48 -1
55 -1
55 -1
56 -1
57 -1
57 -1
57 -1
58 -1
59 -1
59 -1
66 -1
70 -1
70 -1
73 -1
74 -1
74 -1
74 -1
74 -1
74 -1
77 -1
77 -1
77 -1
78 -1
79 -1
79 -1
82 -1
82 -1
84 -1
112 -1
116 -1
117 -1
121 -1
149 -1
149 -1
149 -1
156 -1
157 -1
157 -1
159 -1
159 -1
160 -1
164 -1
172 -1
172 -1
173 -1
173 -1
173 -1
173 -1
174 -1
175 -1
175 -1
176 -1
176 -1
176 -1
177 -1
177 -1
177 -1
179 -1
179 -1
180 -1
181 -1
182 -1
183 -1
183 -1
183 -1
184 -1
184 -1
184 -1
186 -1
186 -1
186 -1
187 -1
187 -1
188 -1
189 -1
189 -1
190 -1
190 -1
191 -1
191 -1
191 -1
192 -1
192 -1
193 -1
193 -1
194 -1
194 -1
195 -1
195 -1
195 -1
196 -1
196 -1
196 -1
196 -1
197 -1
197 -1
197 -1
199 -1
199 -1
199 -1
201 -1
201 -1
202 -1
204 -1
204 -1
205 -1
205 -1
205 -1
207 -1
207 -1
207 -1
207 -1
207 -1
208 -1
209 -1
209 -1
209 -1
210 -1
211 -1
213 -1
213 -1
213 -1
213 -1
213 -1
214 -1
216 -1
216 -1
216 -1
216 -1
216 -1
217 -1
217 -1
218 -1
218 -1
219 -1
220 -1
220 -1
220 -1
220 -1
220 -1
221 -1
221 -1
221 -1
221 -1
222 -1
222 -1
223 -1
223 -1
224 -1
224 -1
224 -1
225 -1
225 -1
225 -1
226 -1
226 -1
226 -1
226 -1
226 -1
226 -1
226 -1
226 -1
