3
1
169 170 171 172 1
133 134 135 136 2
22 23 24 25 3
216 217 218 219 4
217 218 219 220 4
186 187 188 189 5
220 221 222 223 6
50 51 52 53 7
74 75 76 77 8
73 74 75 76 8
210 211 212 213 9
208 209 210 211 10
209 210 211 212 10
187 188 189 190 11
136 137 138 139 12
134 135 136 137 13
135 136 137 138 13
28 29 30 31 14
131 132 133 134 15
132 133 134 135 15
221 222 223 224 16
66 67 68 69 17
23 24 25 26 18
20 21 22 23 19
21 22 23 24 19
139 140 141 142 20
140 141 142 143 20
222 223 224 225 21
218 219 220 221 22
219 220 221 222 22
181 182 183 184 23
25 26 27 28 24
24 25 26 27 24
141 142 143 144 25
211 212 213 214 26
70 71 72 73 27
170 171 172 173 28
75 76 77 78 29
69 70 71 72 30
115 118 119 120 31
114 115 116 117 32
112 113 114 115 33
113 114 115 116 33
68 69 70 71 34
67 68 69 70 34
214 215 216 217 35
204 205 206 207 36
212 213 214 215 37
213 214 215 216 37
137 138 139 140 38
138 139 140 141 38
111 112 114 115 39
185 186 187 188 40
182 183 184 185 41
166 167 168 169 42
97 98 99 201 43
31 32 48 49 44
188 189 191 192 45
188 189 190 191 45
189 190 191 192 45
63 64 65 66 46
27 28 29 30 47
162 163 164 165 48
103 104 150 151 49
163 164 165 166 50
165 166 167 168 51
164 165 166 167 51
71 72 73 74 52
72 73 74 75 52
130 131 132 133 53
223 224 225 226 54
64 65 66 67 55
65 66 67 68 55
157 158 159 160 56
32 33 34 48 57
129 130 131 132 58
188 191 192 193 59
183 184 185 186 60
184 185 186 187 60
114 115 117 118 61
31 32 34 48 62
39 42 43 44 63
103 104 105 151 64
48 49 54 55 65
168 169 170 171 66
167 168 169 170 66
152 174 175 176 67
170 172 173 174 68
169 170 172 174 68
180 181 182 183 69
183 184 186 187 70
167 168 170 171 71
209 210 212 213 72
90 91 175 176 73
90 91 92 175 73
40 41 42 43 74
39 40 42 43 74
26 27 28 29 75
215 216 217 218 76
64 65 67 68 77
115 116 117 118 78
115 116 118 119 78
116 117 118 119 78
23 24 26 27 79
187 188 190 191 80
36 37 38 45 81
36 37 45 46 81
18 19 59 60 82
71 72 74 75 83
184 185 187 188 84
135 136 138 139 85
67 68 70 71 86
19 59 60 61 87
126 182 185 186 88
182 183 185 186 88
87 88 201 202 89
154 180 181 182 90
24 25 27 28 91
87 88 200 201 92
87 88 199 200 92
98 99 200 201 93
99 100 200 201 93
181 182 184 185 94
213 214 216 217 95
88 89 201 202 96
89 201 202 203 96
35 36 37 46 97
70 71 73 74 98
16 17 83 84 99
154 155 178 179 100
136 137 139 140 101
220 221 223 224 102
101 102 103 149 103
101 102 103 198 103
107 108 153 154 104
222 223 225 226 105
166 167 169 170 106
217 218 220 221 107
218 219 221 222 108
18 19 20 59 109
87 200 201 202 110
137 138 140 141 111
68 69 71 72 112
34 35 46 47 113
210 211 213 214 114
102 103 197 198 115
86 87 199 200 116
128 129 195 196 117
49 50 52 53 118
221 222 224 225 119
13 79 80 81 120
13 14 79 81 120
138 139 141 142 121
129 130 132 133 122
1 2 3 4 123
17 18 84 85 124
101 102 148 149 125
7 8 9 10 126
19 20 59 61 127
97 201 202 203 128
106 107 152 153 129
18 84 85 86 130
4 5 6 38 131
151 152 174 175 132
89 90 203 204 133
14 15 81 82 134
17 18 58 59 135
31 32 49 50 136
185 186 188 189 137
22 23 25 26 138
164 165 167 168 139
106 107 153 154 140
106 154 181 182 140
158 159 160 161 141
72 73 75 76 142
216 217 219 220 143
135 136 139 223 144
47 48 55 56 145
219 220 222 223 146
44 45 58 59 147
81 82 194 195 148
134 135 137 138 149
89 90 204 205 150
15 16 56 57 151
180 181 183 184 152
69 70 72 73 153
100 101 147 148 154
97 98 201 202 155
98 200 201 202 155
63 64 66 67 156
111 112 113 114 157
16 17 57 58 158
153 154 177 178 159
165 166 168 169 160
92 93 94 95 161
131 132 134 135 162
90 91 204 205 163
91 204 205 206 163
88 199 200 201 164
154 179 180 181 165
89 90 201 203 166
88 89 176 177 167
208 209 211 212 168
73 74 76 77 169
140 141 143 144 170
140 141 144 145 170
140 143 144 145 170
43 44 45 59 171
113 114 116 117 172
96 97 98 99 173
99 100 146 147 174
88 89 90 176 175
88 89 90 201 175
80 81 193 194 176
106 152 153 154 177
112 113 115 116 178
132 133 135 136 179
83 84 196 197 180
39 40 41 42 181
65 66 68 69 182
18 24 58 59 183
34 35 47 48 184
130 131 133 134 185
4 5 38 40 186
3 4 5 40 186
49 50 53 54 187
186 187 189 190 188
105 106 151 152 189
212 213 215 216 190
83 84 85 197 191
89 203 204 205 192
2 3 4 5 193
129 132 133 196 194
66 67 69 70 195
60 66 67 70 195
152 153 176 177 196
152 153 174 176 196
21 22 24 25 197
46 47 56 57 198
188 189 192 193 199
89 90 91 176 200
89 90 91 205 200
74 75 77 78 201
74 75 78 79 201
74 77 78 79 201
17 18 59 60 202
17 58 59 60 202
133 134 136 137 203
8 9 10 11 204
21 43 44 59 205
105 106 126 127 206
211 212 214 215 207
12 14 55 56 208
14 15 55 56 208
188 193 194 195 209
6 7 8 10 210
60 61 66 67 211
139 140 142 143 212
15 16 82 83 213
12 14 15 56 214
12 13 14 15 214
33 34 35 48 215
170 173 174 175 216
168 169 171 172 217
100 101 199 200 218
18 20 24 59 219
20 21 24 59 219
20 21 23 24 219
104 105 127 128 220
35 37 46 47 221
85 197 198 199 222
13 78 79 80 223
75 78 79 80 223
108 153 154 155 224
12 13 78 79 225
103 104 149 150 226
1 2 4 5 227
102 103 104 149 228
107 108 154 182 229
106 107 154 182 229
150 151 174 175 230
91 92 170 175 231
19 60 61 62 232
88 89 177 178 233
16 17 82 83 234
17 82 83 84 234
15 16 17 82 234
150 151 152 175 235
214 215 217 218 236
154 155 156 179 237
91 166 205 206 238
63 64 179 180 239
86 87 88 199 240
100 101 102 198 241
100 101 198 199 241
153 154 155 177 242
154 155 177 178 242
103 150 151 152 243
103 105 151 152 243
11 12 78 79 244
11 77 78 79 244
155 156 157 158 245
45 56 57 58 246
45 46 56 57 246
45 46 47 56 246
50 53 54 55 247
49 50 54 55 247
34 35 36 46 248
13 14 15 79 249
14 15 79 81 249
12 13 15 79 249
63 64 67 180 250
32 33 48 49 251
49 52 53 54 252
128 129 130 133 253
128 129 133 196 253
88 176 177 178 254
4 38 40 43 255
38 39 43 44 255
38 39 40 43 255
38 43 44 45 255
89 91 176 177 256
102 147 148 149 257
101 102 147 148 257
100 101 102 147 257
163 164 166 167 258
15 16 17 58 259
15 56 57 58 259
15 16 57 58 259
24 44 58 59 260
21 24 44 59 260
18 20 23 24 261
16 17 18 85 262
16 83 84 85 262
16 17 84 85 262
81 82 83 195 263
162 163 165 166 264
12 47 55 56 265
10 11 12 47 265
11 12 47 56 265
139 140 143 219 266
50 51 53 225 267
96 97 99 201 268
21 42 43 44 269
43 45 58 59 270
152 176 177 178 271
152 153 154 178 271
152 153 177 178 271
126 127 185 186 272
9 10 11 12 273
11 74 77 79 274
61 62 66 67 275
62 63 66 67 275
60 61 62 67 275
93 204 206 207 276
8 9 11 77 277
215 216 218 219 278
139 219 222 223 279
36 44 45 46 280
36 38 44 45 280
91 174 175 176 281
91 170 174 175 281
101 103 149 150 282
101 148 149 150 282
25 26 28 29 283
28 29 31 34 284
129 132 195 196 285
47 48 54 55 286
12 47 54 55 286
43 59 60 61 287
106 107 151 152 288
105 106 107 151 288
184 185 188 195 289
98 208 209 212 290
124 125 126 186 291
90 91 92 204 292
91 92 204 206 292
92 93 204 206 292
128 129 194 195 293
154 178 179 181 294
178 179 180 181 294
106 107 126 182 295
6 8 10 11 296
101 199 200 201 297
100 101 200 201 297
110 111 114 115 298
110 111 115 121 298
115 118 120 121 299
157 158 160 161 300
12 14 54 55 301
24 44 45 58 302
24 45 57 58 302
9 11 12 78 303
8 9 77 78 303
9 11 77 78 303
98 99 200 212 304
36 38 39 44 305
36 37 38 39 305
62 63 179 180 306
62 63 67 180 306
97 201 203 204 307
90 201 203 204 307
4 70 73 74 308
63 64 156 179 309
129 132 194 195 310
110 114 115 121 311
114 115 118 121 311
136 139 140 219 312
136 219 220 223 312
136 139 219 223 312
80 81 82 193 313
81 82 193 194 313
82 193 194 195 313
16 17 18 57 314
17 18 57 58 314
18 24 57 58 314
64 67 68 183 315
67 68 183 184 315
64 67 180 183 315
67 180 183 184 315
102 133 136 137 316
68 183 184 187 317
161 162 165 166 318
24 28 46 57 319
24 45 46 57 319
128 185 195 196 320
20 21 59 61 321
21 43 59 61 321
91 166 169 170 322
90 92 93 204 323
90 92 93 95 323
103 104 105 128 324
103 128 196 197 324
29 31 32 34 325
29 30 31 32 325
83 85 197 198 326
21 24 25 44 327
10 11 37 47 328
6 10 11 37 328
24 27 28 57 329
16 55 56 57 330
15 16 55 56 330
107 152 153 174 331
107 151 152 174 331
101 103 198 199 332
103 197 198 199 332
27 28 30 31 333
103 105 106 152 334
90 93 95 204 335
3 4 70 73 336
1 3 4 73 336
15 16 83 224 337
85 86 199 200 338
93 94 95 96 339
93 95 96 204 339
91 170 174 176 340
79 80 81 82 341
15 79 81 82 341
118 120 121 122 342
50 53 55 225 343
98 200 202 209 344
200 209 212 213 344
98 200 209 212 344
115 116 119 120 345
24 25 28 46 346
132 135 136 223 347
80 192 193 194 348
83 84 195 196 349
82 83 84 195 349
5 38 39 40 350
103 133 196 197 351
102 103 104 133 351
102 103 133 197 351
84 85 86 197 352
85 86 197 199 352
141 144 145 146 353
106 181 182 185 354
106 126 127 185 354
106 126 182 185 354
150 173 174 175 355
150 151 173 174 355
99 100 145 146 356
100 145 146 147 356
30 31 32 50 357
64 180 182 183 358
105 125 126 127 359
91 166 167 170 360
60 67 70 71 361
6 7 10 37 362
188 189 193 194 363
189 192 193 194 363
6 7 8 77 364
6 8 11 77 364
12 13 14 54 365
3 4 40 43 366
3 40 41 43 366
16 83 220 224 367
16 220 221 224 367
16 83 85 220 367
152 154 178 181 368
106 152 154 181 368
67 68 71 184 369
28 31 34 48 370
5 6 37 38 371
5 6 7 37 371
5 37 38 39 371
95 96 99 201 372
136 140 219 220 373
140 216 219 220 373
3 69 70 73 374
83 85 198 220 375
105 127 128 185 376
105 106 127 185 376
105 106 181 185 377
50 51 222 225 378
50 221 222 225 378
90 95 96 204 379
90 95 96 201 379
28 34 47 48 380
28 34 46 47 380
28 46 47 57 380
15 16 55 224 381
14 55 224 225 381
14 15 55 224 381
155 156 158 179 382
159 160 161 162 383
51 52 53 225 384
31 49 50 55 385
31 48 49 55 385
0 1 73 76 386
11 12 15 79 387
11 12 15 56 387
19 20 61 62 388
128 185 188 195 389
128 188 194 195 389
127 185 186 189 390
126 127 186 189 390
127 128 129 130 391
4 38 43 45 392
104 128 133 196 393
103 104 133 196 393
103 104 128 196 393
99 100 147 148 394
11 37 46 47 395
105 106 125 126 396
62 63 65 66 397
141 145 146 147 398
140 141 145 147 398
137 140 141 147 399
11 45 46 47 400
11 45 47 56 400
11 37 45 46 400
19 60 62 67 401
14 15 82 224 402
14 81 82 224 402
15 82 83 224 402
81 82 83 224 402
200 212 213 216 403
127 128 185 189 404
128 185 188 189 404
43 59 60 70 405
3 4 43 70 405
91 166 167 206 406
18 19 20 86 407
97 98 202 209 408
132 133 136 196 409
71 74 75 79 410
98 208 211 212 411
123 124 125 126 412
1 73 76 77 413
8 76 77 78 414
4 6 38 45 415
6 37 38 45 415
6 11 37 45 415
103 105 106 181 416
103 106 152 181 416
86 87 88 178 417
184 185 195 196 418
84 184 195 196 419
88 90 176 201 420
104 127 128 130 421
104 128 130 133 421
102 137 147 149 422
150 152 175 176 423
160 161 162 165 424
18 19 84 86 425
51 222 225 226 426
163 166 205 206 427
163 166 167 206 427
91 169 170 176 428
169 170 174 176 428
153 169 174 176 428
43 58 59 70 429
58 59 60 70 429
90 96 97 204 430
90 97 201 204 430
90 96 97 201 430
88 101 199 201 431
88 101 176 201 431
29 32 33 34 432
28 47 48 56 433
28 47 56 57 433
155 158 178 179 434
25 44 45 46 435
24 25 45 46 435
24 25 44 45 435
55 221 224 225 436
50 55 221 225 436
16 55 221 224 436
95 99 100 148 437
95 99 100 201 437
110 111 113 114 438
155 157 158 161 439
21 22 25 44 440
181 184 185 196 441
1 4 5 6 442
90 92 95 175 443
108 109 155 156 444
108 154 155 156 444
21 42 43 61 445
127 128 129 189 446
91 169 176 177 447
153 169 176 177 447
111 115 120 121 448
101 150 175 176 449
64 154 180 182 450
64 154 156 179 450
64 154 179 180 450
100 200 212 216 451
99 100 200 212 451
140 143 145 216 452
140 143 216 219 452
82 84 184 195 453
102 133 136 197 454
102 136 197 198 454
133 136 196 197 454
118 119 120 122 455
143 145 215 216 456
143 215 216 219 456
11 15 74 79 457
85 213 216 217 458
85 198 216 220 458
85 200 213 216 458
85 216 217 220 458
64 65 68 113 459
64 68 113 183 459
68 71 184 187 460
27 213 214 217 461
107 108 126 182 462
203 204 205 207 463
83 132 195 196 464
86 88 178 199 465
85 86 200 213 466
14 53 55 225 467
14 53 54 55 467
103 105 128 181 468
105 128 181 185 468
128 181 196 197 468
128 181 185 196 468
103 128 181 197 468
105 106 107 125 469
106 107 125 126 469
107 153 169 174 470
82 188 193 195 471
82 184 188 195 471
84 180 181 184 472
128 129 188 194 473
128 129 188 189 473
129 188 189 194 473
95 99 147 148 474
28 31 48 56 475
31 48 55 56 475
16 18 24 57 476
30 217 218 221 477
19 62 67 180 478
6 11 74 77 479
71 184 187 188 480
71 82 184 188 480
68 71 72 187 481
107 169 172 174 482
114 183 186 187 483
91 92 167 170 484
91 92 167 206 484
86 87 200 213 485
84 184 196 197 486
84 181 184 197 486
181 184 196 197 486
87 200 202 209 487
87 200 209 213 487
27 30 214 217 488
30 214 217 218 488
80 191 192 193 489
101 148 150 175 490
2 3 5 40 491
95 100 101 201 492
95 100 101 148 492
95 101 148 175 492
90 101 176 201 493
90 101 175 176 493
90 95 101 175 493
90 95 101 201 493
114 118 121 122 494
88 152 176 178 495
125 126 127 189 496
125 126 186 189 496
143 215 218 219 497
91 166 169 177 498
71 75 79 80 499
71 79 80 82 499
162 163 166 205 500
155 157 160 161 501
85 199 200 216 502
85 198 199 216 502
100 198 199 216 502
100 199 200 216 502
0 1 76 77 503
97 98 208 209 504
17 60 67 71 505
0 1 2 5 506
101 103 150 152 507
101 150 152 176 507
19 84 86 180 508
129 131 132 194 509
25 36 44 46 510
91 166 177 205 511
89 91 177 205 511
31 50 55 221 512
30 31 50 221 512
137 147 148 149 513
100 140 145 216 514
100 140 145 147 514
83 132 223 224 515
83 220 223 224 515
75 80 191 193 516
16 217 220 221 517
16 85 217 220 517
1 69 72 73 518
1 3 69 73 518
10 35 37 47 519
25 28 36 46 520
28 34 36 46 520
136 197 198 220 521
83 197 198 220 521
31 55 56 57 522
28 31 56 57 522
107 151 173 174 523
107 172 173 174 523
19 60 67 180 524
88 101 176 199 525
102 136 137 140 526
102 137 140 147 526
100 102 140 147 526
114 121 122 123 527
110 114 121 123 527
32 50 51 52 528
32 49 50 52 528
161 162 166 205 529
11 45 56 58 530
97 202 208 209 531
17 18 60 84 532
19 60 84 180 532
18 19 60 84 532
18 20 23 86 533
81 83 132 224 534
81 83 132 195 534
81 132 194 195 534
114 122 123 124 535
114 118 122 124 535
114 118 124 186 536
114 182 183 186 537
99 100 212 216 538
99 100 145 216 538
117 118 187 190 539
118 186 187 190 539
1 4 73 77 540
4 73 74 77 540
4 6 74 77 540
1 4 6 77 540
122 123 124 125 541
9 12 13 78 542
108 109 110 123 543
17 58 60 70 544
17 60 70 71 544
93 96 204 207 545
93 94 96 207 545
58 70 71 74 546
17 58 70 71 546
10 35 47 48 547
114 117 118 186 548
114 117 186 187 548
117 118 186 187 548
124 125 186 189 549
107 108 123 126 550
107 123 125 126 550
107 108 109 123 550
155 158 177 178 551
155 158 161 177 552
161 166 177 205 552
96 98 99 146 553
83 136 196 197 554
83 136 220 223 554
83 132 136 196 554
83 132 136 223 554
83 136 197 220 554
18 23 24 27 555
99 145 212 216 556
145 212 215 216 556
108 114 182 183 557
108 110 114 123 557
108 109 110 114 557
64 65 112 113 558
16 18 24 27 559
16 24 27 57 559
1 2 3 69 560
23 85 86 213 561
18 23 85 86 561
4 43 45 58 562
4 58 70 74 562
4 43 58 70 562
72 187 188 191 563
71 72 187 188 563
84 86 181 197 564
86 178 180 181 564
84 86 180 181 564
19 20 86 87 565
63 156 157 158 566
63 156 158 179 566
92 167 170 171 567
6 11 45 74 568
4 6 45 74 568
11 45 58 74 568
4 45 58 74 568
95 96 99 146 569
95 99 146 147 569
95 146 147 148 569
86 87 178 179 570
86 178 179 180 570
26 27 213 214 571
23 26 27 213 571
23 26 210 213 571
26 210 213 214 571
25 28 29 34 572
25 28 34 36 572
63 64 65 156 573
71 82 188 193 574
71 80 82 193 574
71 75 80 193 574
1 6 7 77 575
1 5 6 7 575
132 135 223 226 576
132 223 224 226 576
20 21 42 61 577
104 130 133 134 578
135 139 223 226 579
139 222 223 226 579
15 58 71 74 580
15 17 58 71 580
15 17 71 82 580
2 3 40 41 581
102 133 137 149 582
102 104 133 149 582
71 74 79 82 583
15 71 74 82 583
15 74 79 82 583
16 55 57 221 584
31 55 57 221 584
92 94 95 175 585
50 218 221 222 586
30 50 218 221 586
136 140 198 220 587
100 102 140 198 587
100 140 198 216 587
102 136 140 198 587
140 198 216 220 587
16 27 57 221 588
27 30 217 221 588
27 30 31 221 588
16 27 217 221 588
11 15 56 74 589
15 56 58 74 589
11 56 58 74 589
10 12 47 54 590
10 47 48 54 590
114 124 182 186 591
124 126 182 186 591
19 86 87 179 592
19 62 179 180 592
19 86 179 180 592
13 14 53 54 593
88 152 176 199 594
88 152 178 199 594
101 103 152 199 594
101 152 176 199 594
113 114 117 187 595
68 113 183 187 595
113 114 183 187 595
51 52 225 226 596
52 53 225 226 596
105 107 151 173 597
41 42 43 61 598
21 22 42 44 599
20 21 22 42 599
118 124 186 190 600
124 186 189 190 600
129 189 192 194 601
92 170 173 175 602
92 170 171 173 602
43 60 66 70 603
43 60 61 66 603
64 65 112 156 604
143 144 145 215 605
86 178 181 199 606
86 181 197 199 606
103 181 197 199 606
152 178 181 199 606
103 152 181 199 606
62 63 158 179 607
62 158 178 179 607
98 99 145 146 608
98 99 145 212 608
107 108 153 169 609
17 60 67 84 610
67 84 180 184 610
60 67 84 180 610
71 75 188 193 611
75 188 191 193 611
72 75 188 191 611
71 72 75 188 611
0 1 7 77 612
0 1 5 7 612
94 95 148 175 613
161 165 166 177 614
165 166 169 177 614
26 27 29 214 615
27 29 30 214 615
17 67 84 184 616
17 67 71 184 616
17 71 82 184 616
17 82 84 184 616
108 123 124 126 617
108 124 126 182 617
108 114 123 124 617
108 114 124 182 617
23 85 213 217 618
23 27 213 217 618
29 33 34 35 619
133 134 137 149 620
104 133 134 149 620
3 43 66 70 621
3 66 69 70 621
75 80 191 192 622
112 115 116 120 623
111 112 115 120 623
139 143 219 222 624
143 218 219 222 624
68 113 117 187 625
0 8 76 77 626
0 7 8 77 626
13 14 53 225 627
14 81 224 225 628
109 110 111 113 629
109 111 112 113 629
109 110 113 114 629
25 34 35 36 630
25 29 34 35 630
160 162 164 165 631
33 48 49 54 632
96 97 204 207 633
97 203 204 207 633
139 142 143 222 634
18 23 27 85 635
16 27 85 217 635
23 27 85 217 635
16 18 27 85 635
109 112 113 156 636
64 112 113 156 636
89 158 177 178 637
108 153 155 169 638
117 187 190 191 639
89 158 161 177 640
89 161 177 205 640
153 165 169 177 641
131 134 135 138 642
62 63 157 158 643
0 1 72 73 644
0 72 73 76 644
155 161 165 177 645
153 155 165 169 645
155 160 161 165 645
153 155 165 177 645
109 155 156 157 646
9 12 13 54 647
9 10 12 54 647
64 108 154 182 648
64 108 182 183 648
64 108 154 156 648
109 111 112 156 649
23 209 210 213 650
30 32 50 51 651
22 23 26 210 652
104 105 125 127 653
137 141 147 148 654
141 146 147 148 654
23 86 87 213 655
20 23 86 87 655
23 87 209 213 655
164 167 168 171 656
27 28 57 221 657
27 28 31 221 657
28 31 57 221 657
30 50 51 218 658
50 51 218 222 658
30 214 215 218 659
65 68 69 113 660
163 205 206 207 661
25 36 39 44 662
72 75 76 191 663
65 112 113 116 664
104 150 151 173 665
104 105 151 173 665
108 113 114 183 666
108 109 113 156 666
64 108 113 183 666
108 109 113 114 666
64 108 113 156 666
88 89 158 178 667
26 210 211 214 668
41 43 61 66 669
3 41 43 66 669
19 20 62 87 670
19 62 87 179 670
62 87 178 179 670
92 93 167 206 671
135 138 139 226 672
107 108 109 169 673
108 109 155 169 673
29 33 35 36 674
25 29 35 36 674
22 25 26 29 675
125 127 129 189 676
131 132 135 226 677
131 135 138 226 677
32 33 49 52 678
33 49 52 54 678
22 25 39 44 679
22 39 42 44 679
9 10 48 54 680
163 167 206 207 681
93 167 206 207 681
81 132 224 226 682
14 81 225 226 682
81 224 225 226 682
20 42 61 62 683
134 137 138 149 684
97 202 203 208 685
202 203 208 209 685
137 141 148 149 686
137 138 141 149 686
94 95 146 148 687
94 95 96 146 687
117 118 119 190 688
0 1 2 69 689
0 1 69 72 689
68 72 117 187 690
72 117 187 191 690
89 158 161 205 691
68 69 72 117 692
68 69 113 117 692
5 7 37 39 693
7 36 37 39 693
98 145 211 212 694
145 211 212 215 694
96 97 98 208 695
0 8 76 78 696
5 7 39 40 697
7 36 39 40 697
62 63 65 157 698
63 65 156 157 698
104 130 134 149 699
75 76 191 192 700
7 35 36 37 701
7 10 35 37 701
7 9 10 35 701
104 125 127 130 702
125 127 129 130 702
125 129 130 189 702
3 65 66 69 703
75 76 78 192 704
75 78 80 192 704
92 93 167 171 705
159 161 162 205 706
158 159 161 205 706
22 23 209 210 707
20 23 87 209 708
20 22 23 209 708
65 112 156 157 709
13 53 225 226 710
13 14 225 226 710
13 14 81 226 710
109 155 165 169 711
22 25 29 36 712
22 25 36 39 712
62 87 158 178 713
87 88 158 178 713
107 109 169 172 714
89 158 203 205 715
41 42 61 62 716
41 61 62 66 716
109 168 169 172 717
109 165 168 169 717
104 130 149 150 718
148 149 150 173 719
109 155 157 160 720
109 155 160 165 720
13 78 80 192 721
162 163 205 207 722
10 33 35 48 723
94 148 150 175 724
129 130 189 192 725
69 113 116 117 726
65 69 113 116 726
62 157 158 159 727
109 111 156 157 728
111 112 156 157 728
139 142 222 226 729
138 139 142 226 729
118 122 124 190 730
118 119 122 190 730
30 211 214 215 731
81 132 194 226 732
131 132 194 226 732
20 87 202 209 733
62 65 66 157 734
163 164 167 207 735
29 30 211 214 736
26 29 211 214 736
9 13 53 54 737
125 130 189 192 738
88 89 158 202 739
89 158 202 203 739
87 88 158 202 739
26 208 210 211 740
129 131 192 194 741
129 130 131 192 741
94 148 150 173 742
92 94 173 175 742
94 150 173 175 742
94 148 149 173 742
158 159 203 205 743
124 125 189 192 744
124 189 190 192 744
3 41 65 66 745
104 105 125 173 746
105 107 125 173 746
92 93 94 171 747
92 94 171 173 747
2 3 41 65 748
2 3 65 69 748
80 131 192 194 749
117 119 190 191 750
80 131 194 226 751
13 80 81 226 751
80 81 194 226 751
9 13 53 78 752
143 144 211 215 753
144 145 211 215 753
107 125 172 173 754
98 145 208 211 755
107 109 123 172 756
107 123 125 172 756
98 145 146 208 757
96 98 146 208 757
22 26 208 210 758
22 208 209 210 758
20 62 87 158 759
20 87 158 202 759
109 110 123 172 760
9 10 33 35 761
9 10 33 48 761
9 33 48 54 761
109 164 165 168 762
109 160 164 165 762
20 22 202 209 763
124 125 130 192 764
158 159 202 203 765
51 143 218 222 766
30 143 215 218 767
30 51 143 218 767
30 143 211 215 767
51 142 143 222 768
51 142 222 226 768
109 110 168 172 769
9 52 53 54 770
9 33 52 54 770
109 110 111 160 771
109 111 157 160 771
111 112 157 160 772
0 72 76 191 773
119 190 191 192 774
96 144 146 208 775
144 145 208 211 775
144 145 146 208 775
159 162 205 207 776
159 203 205 207 776
7 9 33 35 777
26 29 208 211 778
112 157 159 160 779
97 203 207 208 780
96 97 207 208 780
122 123 125 172 781
110 123 168 172 782
94 96 144 146 783
20 158 159 202 784
20 62 158 159 784
9 52 53 78 785
122 124 190 192 786
119 122 190 192 786
104 130 150 173 787
130 149 150 173 787
104 125 130 173 787
94 96 207 208 788
94 96 144 208 788
94 141 146 148 789
94 141 144 146 789
94 141 148 149 789
109 110 160 164 790
109 110 164 168 790
0 69 72 117 791
0 72 117 191 791
80 131 192 226 792
13 80 192 226 792
0 76 191 192 793
0 76 78 192 793
0 8 78 192 793
130 134 149 173 794
51 52 142 226 795
2 65 69 116 796
8 9 78 192 797
29 30 32 211 798
0 69 116 117 799
0 2 69 116 799
30 32 51 143 800
30 32 143 211 800
122 123 168 172 801
121 122 123 168 802
110 121 123 168 802
159 202 203 209 803
110 111 160 164 804
13 53 192 226 805
13 53 78 192 805
2 65 112 116 806
122 124 130 192 807
122 124 125 130 807
122 168 171 172 808
41 65 66 157 809
41 62 66 157 809
29 32 33 211 810
20 22 159 202 811
22 159 202 209 811
134 138 149 173 812
41 65 112 157 813
2 41 65 112 813
94 141 149 173 814
138 141 149 173 814
20 42 62 159 815
20 22 42 159 815
0 119 191 192 816
0 116 117 119 816
0 117 119 191 816
159 203 208 209 817
159 203 207 208 817
22 159 208 209 817
41 62 157 159 818
41 112 157 159 818
41 42 62 159 818
32 143 144 211 819
110 121 164 168 820
110 111 121 164 820
52 53 78 192 821
52 53 192 226 821
9 52 78 192 821
122 130 131 192 822
94 141 171 173 823
111 120 121 164 824