
 1 1 0 0 0 
 2 2 0 0 0 
 5 3 0 0 0 
 6 4 0 0 0 
 7 3 0 0 0 
 8 4 0 0 0 
 9 5 0 0 0 
 10 6 0 0 0 
 14 7 0 0 0 
 16 8 0 0 0 
 22 9 0 0 0 
 23 10 0 0 0 
 26 11 0 0 0 
 28 12 0 0 0 
 29 11 0 0 0 
 30 12 0 0 0 
 33 11 0 0 0 
 35 12 0 0 0 
 36 13 0 0 0 
 40 12 0 0 0 
 42 13 0 0 0 
 49 12 0 0 0 
 53 11 0 0 0 
 54 10 0 0 0 
 55 9 0 0 0 
 56 8 0 0 0 
 60 7 0 0 0 
 61 6 0 0 0 
 68 4 0 0 0 
 70 3 0 0 0 
 77 3 1 0 0 
 79 3 2 0 0 
 80 3 1 0 0 
 81 3 2 0 0 
 86 2 2 0 0 
 88 2 1 0 0 
 92 2 2 0 0 
 97 2 3 0 0 
 129 2 4 0 0 
 130 2 5 0 0 
 131 2 4 0 0 
 133 1 4 0 0 
 141 1 5 0 0 
 149 1 6 0 0 
 152 1 7 0 0 
 153 1 6 0 0 
 159 1 7 0 0 
 160 1 6 0 0 
 167 1 7 0 0 
 168 1 6 0 0 
 171 1 8 0 0 
 186 1 7 0 0 
 187 1 8 0 0 
 195 1 9 0 0 
 202 1 8 0 0 
 203 1 7 0 0 
 204 1 6 0 0 
 206 1 5 0 0 
 215 1 6 0 0 
 248 1 7 0 0 
 252 1 6 0 0 
 266 1 7 0 0 
 269 1 7 1 0 
 270 1 7 0 0 
 271 1 6 0 0 
 280 1 6 1 0 
 282 1 6 0 0 
 303 1 7 0 0 
 304 1 6 0 0 
 322 1 7 0 0 
 325 1 8 0 0 
 326 1 7 0 0 
 328 1 8 0 0 
 329 1 7 0 0 
 336 1 8 0 0 
 337 1 7 0 0 
 343 1 7 1 0 
 345 1 6 1 0 
 349 1 6 2 0 
 350 1 6 1 0 
 389 1 5 1 0 
 390 1 5 2 0 
 393 1 5 1 0 
 400 1 6 1 0 
 401 1 5 1 0 
 417 1 4 2 0 
 418 1 4 1 0 
 431 1 3 1 0 
 437 1 3 0 0 
 441 1 2 0 0 
 467 1 2 1 0 
 475 1 2 2 0 
 479 1 1 2 0 
 486 1 1 3 0 
 522 1 1 4 0 
 526 1 1 3 0 
 535 1 1 4 0 
 536 1 1 3 0 
 543 1 1 2 0 
 547 1 1 1 0 
 561 1 1 0 0 
 566 1 0 0 0 
 593 1 0 1 0 
 649 1 0 2 0 
 650 1 0 1 0 
 690 1 0 2 0 
 691 1 0 1 0 
 692 1 0 0 0 
 812 1 0 1 0 
 813 1 0 0 0 